Name	Larvae_Counted	Calculated_Larvae	Survival	Block	Treatment	Time
CS.B6.T0.J01	78	102017.5178	100	6	CASE	0
CS.B6.T0.J02	103	111600.8511	100	6	CON	0
CS.B6.T0.J03	111	114667.5178	100	6	SE	0
CS.B6.T0.J04	111	114667.5178	100	6	SE	0
CS.B6.T0.J05	119.5	117925.8511	100	6	CA	0
CS.B6.T0.J06	106	112750.8511	100	6	CON	0
CS.B6.T0.J07	100.5	110642.5178	100	6	CASE	0
CS.B6.T0.J08	78.5	102209.1844	100	6	CA	0
CS.B6.T0.J09	187.5	143992.5178	100	6	SE	0
CS.B6.T0.J10	91.5	107192.5178	100	6	CA	0
CS.B6.T0.J11	98.5	109875.8511	100	6	CON	0
CS.B6.T0.J12	97	109300.8511	100	6	CASE	0
CS.B6.T04.J01	76	29087.73333	28.5124888	6	CASE	4
CS.B6.T04.J02	65	24877.66667	22.291646	6	CON	4
CS.B6.T04.J03	121	46310.73333	40.38696767	6	SE	4
CS.B6.T04.J04	100.5	38464.7	33.54454753	6	SE	4
CS.B6.T04.J05	161	61620.06667	52.25323039	6	CA	4
CS.B6.T04.J06	118	45162.53333	40.05515957	6	CON	4
CS.B6.T04.J07	130	49755.33333	44.96945147	6	CASE	4
CS.B6.T04.J08	138.5	53008.56667	51.86282129	6	CA	4
CS.B6.T04.J09	115	44014.33333	30.56709752	6	SE	4
CS.B6.T04.J10	122	46693.46667	43.56037869	6	CA	4
CS.B6.T04.J11	97	37125.13333	33.78825552	6	CON	4
CS.B6.T04.J12	60	22964	21.00990044	6	CASE	4
CS.B6.T12.J01	96.5	36837.26667	36.1087659	6	CASE	12
CS.B6.T12.J02	202	77110.13333	69.09457461	6	CON	12
CS.B6.T12.J03	66.5	25385.26667	22.13814963	6	SE	12
CS.B6.T12.J04	116.5	44471.93333	38.78337492	6	SE	12
CS.B6.T12.J05	139	53060.93333	44.99516674	6	CA	12
CS.B6.T12.J06	202.5	77301	68.5591277	6	CON	12
CS.B6.T12.J07	73	27866.53333	25.18609834	6	CASE	12
CS.B6.T12.J08	145.5	55542.2	54.3416918	6	CA	12
CS.B6.T12.J09	109	41608.93333	28.89659406	6	SE	12
CS.B6.T12.J10	135.5	51724.86667	48.25417645	6	CA	12
CS.B6.T12.J11	128	48861.86667	44.47006888	6	CON	12
CS.B6.T12.J12	60.5	23094.86667	21.12963113	6	CASE	12
CS.B6.T24.J01	138	38511.2	37.74959521	6	CASE	24
CS.B6.T24.J02	307	85673.46667	76.76775384	6	CON	24
CS.B6.T24.J03	165	46046	40.15609729	6	SE	24
CS.B6.T24.J04	177	49394.8	43.07654073	6	SE	24
CS.B6.T24.J05	244	68092.26667	57.74159442	6	CA	24
CS.B6.T24.J06	291	81208.4	72.02464478	6	CON	24
CS.B6.T24.J07	141	39348.4	35.56354355	6	CASE	24
CS.B6.T24.J08	335	93487.33333	91.46666598	6	CA	24
CS.B6.T24.J09	136	37953.06667	26.35766584	6	SE	24
CS.B6.T24.J10	320	89301.33333	83.30929731	6	CA	24
CS.B6.T24.J11	302	84278.13333	76.70305393	6	CON	24
CS.B6.T24.J12	113	31534.53333	28.85113246	6	CASE	24
CS.B10.T1.J05	119	101120.1595	100	10	CA	0
CS.B10.T1.J08	160.5	109958.1224	100	10	CA	0
CS.B10.T1.J11	208.3333333	120144.8508	100	10	CA	0
CS.B10.T1.J01	192	116666.4558	100	10	CASE	0
CS.B10.T1.J07	172.5	112513.678	100	10	CASE	0
CS.B10.T1.J12	191	116453.4928	100	10	CASE	0
CS.B10.T1.J02	154	108573.8632	100	10	CON	0
CS.B10.T1.J06	158	109425.715	100	10	CON	0
CS.B10.T1.J10	202	118796.0854	100	10	CON	0
CS.B10.T1.J03	134	104314.6039	100	10	SE	0
CS.B10.T1.J04	203.5	119115.5298	100	10	SE	0
CS.B10.T1.J09	176	113259.0484	100	10	SE	0
CS.B10.T12.J05	77	29470.46667	29.14400731	10	CA	12
CS.B10.T12.J08	106	40569.73333	36.89562211	10	CA	12
CS.B10.T12.J11	71	27174.06667	22.61775389	10	CA	12
CS.B10.T12.J01	81	31001.4	26.57267661	10	CASE	12
CS.B10.T12.J07	93	35594.2	31.63544259	10	CASE	12
CS.B10.T12.J12	60	22964	19.71946006	10	CASE	12
CS.B10.T12.J02	81	31001.4	28.55328078	10	CON	12
CS.B10.T12.J06	86	32915.06667	30.07982782	10	CON	12
CS.B10.T12.J10	100.5	38464.7	32.37876052	10	CON	12
CS.B10.T12.J03	75	28705	27.5177194	10	SE	12
CS.B10.T12.J04	56.5	21624.43333	18.15416794	10	SE	12
CS.B10.T12.J09	92	35211.46667	31.08931885	10	SE	12
CS.B10.T24.J05	77.5	21705.16667	21.46472749	10	CA	24
CS.B10.T24.J08	84	23525.6	21.3950543	10	CA	24
CS.B10.T24.J11	52.33333333	14656.82222	12.19929287	10	CA	24
CS.B10.T24.J01	51	14283.4	12.24293642	10	CASE	24
CS.B10.T24.J07	63	17644.2	15.6818267	10	CASE	24
CS.B10.T24.J12	65.5	18344.36667	15.75252594	10	CASE	24
CS.B10.T24.J02	60	16804	15.47702137	10	CON	24
CS.B10.T24.J06	65	17771	16.24024115	10	CON	24
CS.B10.T24.J10	124	34728.26667	29.23351098	10	CON	24
CS.B10.T24.J03	33	9242.2	8.859929151	10	SE	24
CS.B10.T24.J04	54	15123.6	12.69658123	10	SE	24
CS.B10.T24.J09	68.5	19184.56667	16.93866137	10	SE	24
CS.B11.T1.J01	149	94504.81481	100	11	SE	0
CS.B11.T1.J02	90.5	82046.48148	100	11	CON	0
CS.B11.T1.J03	105	85134.44444	100	11	CASE	0
CS.B11.T1.J04	104	84921.48148	100	11	SE	0
CS.B11.T1.J05	101	84282.59259	100	11	CON	0
CS.B11.T1.J06	114	87051.11111	100	11	CA	0
CS.B11.T1.J07	126	89606.66667	100	11	SE	0
CS.B11.T1.J08	134	91310.37037	100	11	CA	0
CS.B11.T1.J09	94	82791.85185	100	11	CASE	0
CS.B11.T1.J10	126.6666667	89748.64198	100	11	CON	0
CS.B11.T1.J11	83.5	80555.74074	100	11	CA	0
CS.B11.T1.J12	103	84708.51852	100	11	CASE	0
CS.B11.T12.J01	77	29470.46667	31.18409017	11	SE	12
CS.B11.T12.J02	80	30618.66667	37.3186834	11	CON	12
CS.B11.T12.J03	83	31766.86667	37.31376516	11	CASE	12
CS.B11.T12.J04	82.5	31575.5	37.18199382	11	SE	12
CS.B11.T12.J05	66	25260.4	29.97107614	11	CON	12
CS.B11.T12.J06	94	35976.93333	41.32851709	11	CA	12
CS.B11.T12.J07	119	45545.26667	50.82798899	11	SE	12
CS.B11.T12.J08	101.5	38847.43333	42.54438261	11	CA	12
CS.B11.T12.J09	65	24877.66667	30.04844814	11	CASE	12
CS.B11.T12.J10	101	38656.06667	43.07147809	11	CON	12
CS.B11.T12.J11	111	42483.4	52.73789256	11	CA	12
CS.B11.T12.J12	87	33297.8	39.30867944	11	CASE	12
CS.B11.T24.J01	58	16243.86667	17.18840114	11	SE	24
CS.B11.T24.J02	40	11202.66667	13.65404886	11	CON	24
CS.B11.T24.J03	56	15683.73333	18.42231242	11	CASE	24
CS.B11.T24.J04	49	13723.26667	16.15994732	11	SE	24
CS.B11.T24.J05	73.5	20584.9	24.42366729	11	CON	24
CS.B11.T24.J06	65.66666667	18391.04445	21.12671994	11	CA	24
CS.B11.T24.J07	65	18204.33333	20.31582472	11	SE	24
CS.B11.T24.J08	54	15123.6	16.56285035	11	CA	24
CS.B11.T24.J09	51	14283.4	17.25218084	11	CASE	24
CS.B11.T24.J10	109	30527.26667	34.01418227	11	CON	24
CS.B11.T24.J11	62	17364.13333	21.55542631	11	CA	24
CS.B11.T24.J12	51	14283.4	16.86182246	11	CASE	24
CS.B12.T1.J05	184	112981.9102	100	12	CA	0
CS.B12.T1.J07	190	114259.6879	100	12	CA	0
CS.B12.T1.J11	180.5	112236.5398	100	12	CA	0
CS.B12.T1.J03	116	98500.42867	100	12	CASE	0
CS.B12.T1.J04	138.5	103292.0953	100	12	CASE	0
CS.B12.T1.J06	153	106380.0583	100	12	CASE	0
CS.B12.T1.J02		110695.0874	100	12	CON	0
CS.B12.T1.J08	157	107231.9102	100	12	CON	0
CS.B12.T1.J10	148	105315.2435	100	12	CON	0
CS.B12.T1.J01		110695.0874	100	12	SE	0
CS.B12.T1.J09	190.3333333	114330.6756	100	12	SE	0
CS.B12.T1.J12	202.5	116921.725	100	12	SE	0
CS.B12.T12.J05	68.5	26217.23333	0.232048062	12	CA	12
CS.B12.T12.J07	45	17223	0.150735577	12	CA	12
CS.B12.T12.J11	68	26025.86667	0.231884079	12	CA	12
CS.B12.T12.J03	52.5	20093.5	0.203994036	12	CASE	12
CS.B12.T12.J04	79	30235.93333	0.292722625	12	CASE	12
CS.B12.T12.J06	60	22964	0.215867526	12	CASE	12
CS.B12.T12.J02	36	13778.4	0.124471648	12	CON	12
CS.B12.T12.J08	85	32532.33333	0.303382951	12	CON	12
CS.B12.T12.J10	67.5	25834.5	0.245306369	12	CON	12
CS.B12.T12.J01	71.5	27365.43333	0.247214524	12	SE	12
CS.B12.T12.J09	59	22581.26667	0.197508381	12	SE	12
CS.B12.T12.J12	31	11864.73333	0.101475866	12	SE	12
CS.B12.T24.J05	88.5	24785.9	0.219379368	12	CA	24
CS.B12.T24.J07	56.5	15823.76667	0.138489497	12	CA	24
CS.B12.T24.J11	113	31647.53333	0.281971748	12	CA	24
CS.B12.T24.J03	76.5	21425.1	0.217512759	12	CASE	24
CS.B12.T24.J04	81.33333333	22778.75556	0.220527577	12	CASE	24
CS.B12.T24.J06	61	17084.06667	0.160594635	12	CASE	24
CS.B12.T24.J02	103	28846.86667	0.260597533	12	CON	24
CS.B12.T24.J08	99	27726.6	0.258566689	12	CON	24
CS.B12.T24.J10	120	33608	0.319118096	12	CON	24
CS.B12.T24.J01	71.5	20024.76667	0.180900229	12	SE	24
CS.B12.T24.J09	72.5	20304.83333	0.177597423	12	SE	24
CS.B12.T24.J12	116	32487.73333	0.277858827	12	SE	24